id	X-Coordinate	Y-Coordinate	Z	M
0	132.91700745	-12.69999981	0	0
1	130.97200012	-12.83329964	0	0
2	131.30499268	-12.56330013	0	0
3	131.33999634	-12.57670021	0	0
4	131.12699890	-12.84669971	0	0
5	131.10000610	-13.05000019	0	0
6	128.10000610	-15.62170029	0	0
7	128.69299316	-15.79170036	0	0
8	128.89999390	-16.03000069	0	0
9	128.73699951	-16.12330055	0	0
10	145.67160034	-16.89329910	0	0
11	136.25250244	-22.65150070	0	0
12	145.47200012	-17.04330063	0	0
13	145.11199951	-17.11000061	0	0
14	145.05299377	-17.14999962	0	0
15	145.54499817	-17.16670036	0	0
16	145.06700134	-17.20669937	0	0
17	145.28999329	-17.25499916	0	0
18	145.53799438	-17.54500008	0	0
19	145.60200500	-17.83329964	0	0
20	124.30000305	-18.04999924	0	0
21	127.80000305	-18.39999962	0	0
22	124.30000305	-18.19000053	0	0
23	146.61700439	-18.73500061	0	0
24	146.14300537	-18.95499992	0	0
25	144.12800598	-19.02499962	0	0
26	146.61799622	-19.17830086	0	0
27	146.77799988	-19.30500031	0	0
28	146.73699951	-19.31830025	0	0
29	146.74699402	-19.31999969	0	0
30	146.72999573	-19.44330025	0	0
31	150.12159729	-24.98329926	0	0
32	147.11199951	-19.51829910	0	0
33	147.08799744	-19.56669998	0	0
34	139.38000488	-19.68659973	0	0
35	147.23699951	-19.86170006	0	0
36	148.38200378	-20.33329964	0	0
37	147.39999390	-20.39999962	0	0
38	147.93659973	-20.74500084	0	0
39	139.72329712	-20.12999916	0	0
40	147.28799438	-20.47330093	0	0
41	139.57159424	-20.58329964	0	0
42	147.14199829	-20.64830017	0	0
43	139.45829773	-20.77330017	0	0
44	139.78199768	-20.77669907	0	0
45	140.04330444	-20.84830093	0	0
46	139.58999634	-20.95700073	0	0
47	117.11000061	-20.97999954	0	0
48	148.38499451	-21.13829994	0	0
49	148.93499756	-21.13999939	0	0
50	148.83000183	-21.17670059	0	0
51	148.89999390	-21.20499992	0	0
52	149.10699463	-21.46999931	0	0
53	148.55000305	-22.95000076	0	0
54	148.17500305	-22.25169945	0	0
55	149.42199707	-22.95829964	0	0
56	149.03300476	-23.08329964	0	0
57	119.86699677	-23.25000000	0	0
58	130.73300171	-23.71669960	0	0
59	150.49800110	-23.36170006	0	0
60	148.83799744	-23.37170029	0	0
61	148.14300537	-23.54330063	0	0
62	150.66000366	-23.64830017	0	0
63	148.06300354	-23.65169907	0	0
64	145.21699524	-23.65329933	0	0
65	151.30799866	-24.07169914	0	0
66	151.30799866	-24.07169914	0	0
67	149.81199646	-24.17169952	0	0
68	150.61999512	-24.33329964	0	0
69	150.61700439	-24.36829948	0	0
70	150.61700439	-24.36829948	0	0
71	150.60800171	-24.51169968	0	0
72	149.90199280	-24.59169960	0	0
73	150.98300171	-24.64999962	0	0
74	152.16200256	-24.74169922	0	0
75	151.16000366	-24.76329994	0	0
76	151.08999634	-24.81329918	0	0
77	151.10000610	-24.84499931	0	0
78	152.07200623	-24.87000084	0	0
79	151.84800720	-24.87170029	0	0
80	152.28799438	-24.88829994	0	0
81	150.12500000	-24.89660072	0	0
82	150.06700134	-24.93829918	0	0
83	152.01699829	-25.23329926	0	0
84	151.59199524	-25.61669922	0	0
85	151.09199524	-25.02000046	0	0
86	150.98800659	-25.20170021	0	0
87	151.14700317	-25.25499916	0	0
88	152.56199646	-25.32999992	0	0
89	150.03300476	-25.46500015	0	0
90	152.71699524	-25.57169914	0	0
91	152.79159546	-25.59160042	0	0
92	151.29699707	-25.59499931	0	0
93	152.66299438	-25.65169907	0	0
94	152.70500183	-25.76670074	0	0
95	152.58000183	-26.50000000	0	0
96	150.61700439	-26.78330040	0	0
97	151.43299866	-26.09329987	0	0
98	151.81300354	-26.16830063	0	0
99	151.57299805	-26.20330048	0	0
100	152.79200745	-26.21330070	0	0
101	152.00799561	-26.27000046	0	0
102	151.97799683	-26.30500031	0	0
103	152.92799377	-26.38330078	0	0
104	151.73300171	-26.43670082	0	0
105	152.68499756	-26.45829964	0	0
106	147.95500183	-26.47330093	0	0
107	152.92199707	-26.57169914	0	0
108	152.91799927	-26.57830048	0	0
109	151.92300415	-26.65329933	0	0
110	151.91299438	-26.76169968	0	0
111	151.89500427	-26.77499962	0	0
112	151.90699768	-26.77499962	0	0
113	153.00500488	-26.77829933	0	0
114	152.55000305	-27.11669922	0	0
115	152.50000000	-27.50000000	0	0
116	152.30700684	-27.53330040	0	0
117	151.19999695	-27.54999924	0	0
118	152.11000061	-27.61660004	0	0
119	152.55000305	-27.96669960	0	0
120	152.35499573	-27.11330032	0	0
121	152.95199585	-27.25830078	0	0
122	152.93499756	-27.26329994	0	0
123	152.20799255	-27.27169991	0	0
124	150.00000000	-27.28499985	0	0
125	152.11799622	-27.28669930	0	0
126	152.64300537	-27.37999916	0	0
127	151.92300415	-27.38330078	0	0
128	152.60200500	-27.39170074	0	0
129	152.41799927	-27.41169930	0	0
130	152.58799744	-27.42000008	0	0
131	152.37300110	-27.42830086	0	0
132	152.97000122	-27.42830086	0	0
133	152.92700195	-27.44829941	0	0
134	152.88200378	-27.46170044	0	0
135	151.22200012	-27.47500038	0	0
136	152.75000000	-27.48999977	0	0
137	152.43800354	-27.49329948	0	0
138	152.95159912	-27.25830078	0	0
139	153.24330139	-27.51300049	0	0
140	152.40499878	-27.52000046	0	0
141	153.17999268	-27.53000069	0	0
142	152.30799866	-27.54000092	0	0
143	152.31700134	-27.54330063	0	0
144	152.25799561	-27.55999947	0	0
145	152.15499878	-27.57329941	0	0
146	152.23699951	-27.59329987	0	0
147	152.14199829	-27.59499931	0	0
148	152.22000122	-27.59830093	0	0
149	152.37199402	-27.62999916	0	0
150	152.21699524	-27.63829994	0	0
151	152.38330078	-27.63800049	0	0
152	152.33200073	-27.63829994	0	0
153	152.16000366	-27.65999985	0	0
154	152.37199402	-27.66329956	0	0
155	151.31300354	-27.75499916	0	0
156	152.37199402	-27.75670052	0	0
157	152.68299866	-27.77000046	0	0
158	151.44700623	-27.83830070	0	0
159	148.64500427	-27.90670013	0	0
160	148.73199463	-27.99169922	0	0
161	151.75799561	-27.99169922	0	0
162	153.28329468	-28.04999924	0	0
163	115.00000000	-28.73329926	0	0
164	152.55299377	-28.02829933	0	0
165	148.56700134	-28.04500008	0	0
166	148.76499939	-28.08830070	0	0
167	151.27999878	-28.98830032	0	0
168	153.28500366	-28.14500046	0	0
169	152.65800476	-28.18330002	0	0
170	151.91999817	-28.21829987	0	0
171	151.91999817	-28.21829987	0	0
172	151.99299622	-28.35499954	0	0
173	151.21699524	-28.43330002	0	0
174	151.18499756	-28.43670082	0	0
175	153.30499268	-28.44000053	0	0
176	150.95500183	-28.46829987	0	0
177	150.25500488	-28.54829979	0	0
178	150.86300659	-28.56500053	0	0
179	151.97200012	-28.59670067	0	0
180	152.78999329	-28.62170029	0	0
181	149.66799927	-28.62500000	0	0
182	153.34199524	-28.63669968	0	0
183	150.89300537	-28.69169998	0	0
184	151.99200439	-28.70999908	0	0
185	150.99299622	-28.73830032	0	0
186	148.97700500	-28.97669983	0	0
187	151.46699524	-28.98329926	0	0
188	121.41699982	-29.38330078	0	0
189	151.01699829	-29.07500076	0	0
190	149.47700500	-29.12170029	0	0
191	151.24699402	-29.38330078	0	0
192	151.75300598	-29.50670052	0	0
193	151.78700256	-29.73170090	0	0
194	151.13699341	-29.79170036	0	0
195	150.92500305	-29.90830040	0	0
196	117.86699677	-30.93330002	0	0
197	151.73800659	-30.28829956	0	0
198	150.63999939	-30.36170006	0	0
199	151.73199463	-30.40169907	0	0
200	151.79699707	-30.54000092	0	0
201	146.87500000	-30.54829979	0	0
202	152.06799316	-30.57670021	0	0
203	150.69200134	-30.57830048	0	0
204	138.35499573	-30.58670044	0	0
205	150.49000549	-30.87999916	0	0
206	150.99699402	-30.95000076	0	0
207	148.39500427	-30.95330048	0	0
208	118.13300323	-30.95829964	0	0
209	142.67999268	-30.99169922	0	0
210	137.18299866	-31.58329964	0	0
211	151.83299255	-31.64999962	0	0
212	116.08300018	-31.88330078	0	0
213	149.15199280	-31.27829933	0	0
214	151.13699341	-31.34499931	0	0
215	147.69200134	-31.38500023	0	0
216	151.35699463	-31.39329910	0	0
217	150.73300171	-31.41500092	0	0
218	150.69999695	-31.42169952	0	0
219	152.90199280	-31.46500015	0	0
220	151.50000000	-31.65830040	0	0
221	147.86300659	-31.73500061	0	0
222	141.21000671	-31.81669998	0	0
223	141.59199524	-31.89999962	0	0
224	148.20300293	-31.90500069	0	0
225	152.37300110	-31.92000008	0	0
226	148.13999939	-31.93829918	0	0
227	116.16300201	-31.95829964	0	0
228	118.80000305	-32.00000000	0	0
229	139.21699524	-32.01670074	0	0
230	116.06700134	-32.03329849	0	0
231	116.13300323	-32.13330078	0	0
232	140.75000000	-32.13330078	0	0
233	138.03300476	-32.29999924	0	0
234	116.98300171	-32.38330078	0	0
235	116.06700134	-32.45000076	0	0
236	140.25000000	-32.59999847	0	0
237	116.03299713	-32.65000153	0	0
238	137.10000610	-32.65000153	0	0
239	137.97000122	-32.70000076	0	0
240	116.34999847	-32.73329926	0	0
241	138.61700439	-32.75000000	0	0
242	116.44999695	-32.79999924	0	0
243	115.90000153	-32.91669846	0	0
244	115.90000153	-32.91669846	0	0
245	117.16699982	-32.93330002	0	0
246	135.36700439	-32.95000076	0	0
247	116.06300354	-32.04000092	0	0
248	150.99699402	-32.10670090	0	0
249	150.99699402	-32.10670090	0	0
250	116.07299805	-32.14670181	0	0
251	116.12500000	-32.15169907	0	0
252	116.05699921	-32.19670105	0	0
253	151.68800354	-32.23830032	0	0
254	139.48300171	-32.27000046	0	0
255	142.50500488	-32.31669998	0	0
256	147.65089417	-20.67740059	0	0
257	151.44999695	-32.33000183	0	0
258	150.74299622	-32.33670044	0	0
259	151.27000427	-32.36000061	0	0
260	150.95700073	-32.36999893	0	0
261	116.05799866	-32.37329865	0	0
262	150.94200134	-32.38999939	0	0
263	150.99299622	-32.38999939	0	0
264	116.09500122	-32.40330124	0	0
265	149.57299805	-32.62500000	0	0
266	116.03700256	-32.64670181	0	0
267	149.10499573	-32.66999817	0	0
268	151.84609985	-28.25819969	0	0
269	149.77200317	-32.72829819	0	0
270	151.80799866	-32.74330139	0	0
271	151.73699951	-32.74499893	0	0
272	149.98500061	-32.79169846	0	0
273	115.98000336	-32.84830093	0	0
274	115.95500183	-32.86330032	0	0
275	116.01999664	-32.88000107	0	0
276	138.05999756	-32.92330170	0	0
277	116.00000000	-33.28329849	0	0
278	117.28299713	-33.28329849	0	0
279	138.55000305	-33.46659851	0	0
280	138.70799255	-33.59999847	0	0
281	117.51699829	-33.66669846	0	0
282	115.88300323	-33.71670151	0	0
283	116.03299713	-33.81669998	0	0
284	116.14499664	-33.91669846	0	0
285	115.80000305	-33.96670151	0	0
286	115.95800018	-33.00329971	0	0
287	146.64199829	-33.03829956	0	0
288	139.32800293	-33.04330063	0	0
289	150.55000305	-33.05830002	0	0
290	146.79299927	-33.07170105	0	0
291	115.92500305	-33.07500076	0	0
292	146.94799805	-33.08670044	0	0
293	148.36999512	-33.09170151	0	0
294	148.41200256	-33.11000061	0	0
295	116.03199768	-33.12329865	0	0
296	136.60000610	-33.12829971	0	0
297	148.38699341	-33.12829971	0	0
298	148.97200012	-33.18830109	0	0
299	138.21299744	-33.19169998	0	0
300	144.92799377	-33.19499969	0	0
301	146.45300293	-33.20000076	0	0
302	151.11999512	-33.21829987	0	0
303	149.14300537	-33.27000046	0	0
304	136.70500183	-33.28170013	0	0
305	139.14300537	-33.28499985	0	0
306	151.39700317	-33.29830170	0	0
307	149.02799988	-33.30500031	0	0
308	149.08999634	-33.33000183	0	0
309	149.12500000	-33.33499908	0	0
310	136.78300476	-33.33670044	0	0
311	145.87199402	-33.34999847	0	0
312	145.59300232	-33.36830139	0	0
313	151.24699402	-33.37829971	0	0
314	139.33700562	-33.38999939	0	0
315	149.77499390	-33.39170074	0	0
316	150.09500122	-33.39170074	0	0
317	116.08799744	-33.39500046	0	0
318	145.98500061	-33.39500046	0	0
319	115.97799683	-33.39830017	0	0
320	147.77499390	-33.40000153	0	0
321	150.07800293	-33.42499924	0	0
322	136.68299866	-33.45169830	0	0
323	150.20500183	-33.45669937	0	0
324	138.53500366	-33.46329880	0	0
325	150.02799988	-33.46670151	0	0
326	136.53700256	-33.46829987	0	0
327	138.62199402	-33.48669815	0	0
328	145.50300598	-33.48669815	0	0
329	116.09799957	-33.50500107	0	0
330	136.91299438	-33.52669907	0	0
331	150.08200073	-33.52669907	0	0
332	150.08000183	-33.52830124	0	0
333	149.63299561	-33.56169891	0	0
334	145.02499390	-33.58499908	0	0
335	136.79299927	-33.59830093	0	0
336	148.99499512	-33.61999893	0	0
337	149.17700195	-33.62170029	0	0
338	150.30799866	-33.65499878	0	0
339	136.84199524	-33.65829849	0	0
340	150.29800415	-33.65999985	0	0
341	149.16999817	-33.67169952	0	0
342	150.30299377	-33.68500137	0	0
343	150.30200195	-33.68999863	0	0
344	150.30000305	-33.69329834	0	0
345	136.54299927	-33.69499969	0	0
346	150.48300171	-33.70000076	0	0
347	150.48300171	-33.70000076	0	0
348	149.86700439	-33.72499847	0	0
349	144.94299316	-33.76330185	0	0
350	151.25500488	-33.78329849	0	0
351	116.00299835	-33.80670166	0	0
352	150.89999390	-33.82669830	0	0
353	116.43800354	-33.85169983	0	0
354	150.62800598	-33.86169815	0	0
355	144.87800598	-33.87170029	0	0
356	150.59500122	-33.88169861	0	0
357	151.03300476	-33.90000153	0	0
358	115.94300079	-33.90999985	0	0
359	148.10800171	-33.95669937	0	0
360	148.94999695	-33.97499847	0	0
361	148.94999695	-33.97499847	0	0
362	140.86700439	-33.99169922	0	0
363	135.69999695	-34.09999847	0	0
364	116.15000153	-34.26670074	0	0
365	116.04299927	-34.28329849	0	0
366	138.85000610	-34.29999924	0	0
367	116.19999695	-34.36669922	0	0
368	116.03299713	-34.41669846	0	0
369	116.25000000	-34.43330002	0	0
370	138.91659546	-34.71659851	0	0
371	138.80499268	-34.83330154	0	0
372	117.38300323	-34.90000153	0	0
373	150.64999390	-34.00999832	0	0
374	150.67700195	-34.02669907	0	0
375	150.67500305	-34.04330063	0	0
376	141.27499390	-34.04999924	0	0
377	150.70199585	-34.04999924	0	0
378	141.24499512	-34.06999969	0	0
379	139.92799377	-34.07830048	0	0
380	150.71000671	-34.08000183	0	0
381	150.74000549	-34.08499908	0	0
382	149.36000061	-34.10329819	0	0
383	141.90199280	-34.11169815	0	0
384	150.93299866	-34.11169815	0	0
385	150.74699402	-34.11999893	0	0
386	141.39700317	-34.12829971	0	0
387	142.16499329	-34.17499924	0	0
388	140.35499573	-34.18830109	0	0
389	140.76699829	-34.19169998	0	0
390	141.59500122	-34.19169998	0	0
391	150.63000488	-34.20500183	0	0
392	150.66499329	-34.24670029	0	0
393	116.07199860	-34.25500107	0	0
394	150.80000305	-34.26670074	0	0
395	150.54800415	-34.26829910	0	0
396	141.59700012	-34.27669907	0	0
397	150.61700439	-34.33499908	0	0
398	150.74499512	-34.33829880	0	0
399	150.63800049	-34.35329819	0	0
400	140.57299805	-34.36000061	0	0
401	139.61659241	-34.35160065	0	0
402	143.77999878	-34.38000107	0	0
403	135.71299744	-34.40499878	0	0
404	150.77999878	-34.40829849	0	0
405	149.46800232	-34.41669846	0	0
406	150.77699280	-34.42670059	0	0
407	135.83299255	-34.46500015	0	0
408	144.30299377	-34.47829819	0	0
409	135.84800720	-34.48830032	0	0
410	150.26300049	-34.51499939	0	0
411	144.71000671	-34.52330017	0	0
412	150.80200195	-34.53170013	0	0
413	150.49499512	-34.54000092	0	0
414	150.48199463	-34.54330063	0	0
415	149.57800293	-34.58499908	0	0
416	142.75799561	-34.59999847	0	0
417	146.27299500	-34.61830139	0	0
418	150.38499451	-34.63000107	0	0
419	146.14199829	-34.64329910	0	0
420	138.84700012	-34.64500046	0	0
421	150.48699951	-34.64830017	0	0
422	143.49200439	-34.66669846	0	0
423	117.87699890	-34.67169952	0	0
424	150.80799866	-34.67169952	0	0
425	150.78500366	-34.68170166	0	0
426	138.85200500	-34.68830109	0	0
427	138.85200500	-34.68830109	0	0
428	146.41700745	-34.70500183	0	0
429	148.18499756	-34.70500183	0	0
430	149.67700195	-34.72000122	0	0
431	150.47799683	-34.72499847	0	0
432	149.67999268	-34.73500061	0	0
433	149.70500183	-34.73669815	0	0
434	138.71800232	-34.75500107	0	0
435	145.30000305	-34.76169968	0	0
436	147.90299988	-34.77000046	0	0
437	150.31300354	-34.77330017	0	0
438	145.04499817	-34.80500031	0	0
439	150.55499268	-34.80670166	0	0
440	138.67799377	-34.85499954	0	0
441	138.77299500	-34.86830139	0	0
442	138.68299866	-34.87670135	0	0
443	146.83700562	-34.88169861	0	0
444	150.57299805	-34.88830185	0	0
445	138.75000000	-34.89170074	0	0
446	150.51699829	-34.90670013	0	0
447	117.36699677	-34.91500092	0	0
448	150.38499451	-34.91999817	0	0
449	138.60000610	-35.04999924	0	0
450	139.03300476	-35.09999847	0	0
451	138.68330383	-35.12500000	0	0
452	116.06330109	-32.04159927	0	0
453	138.41799927	-35.40000153	0	0
454	139.00000000	-35.41669846	0	0
455	138.81700134	-35.53329849	0	0
456	138.89999390	-35.54999924	0	0
457	143.76699829	-35.58330154	0	0
458	137.10000610	-35.71670151	0	0
459	148.58000183	-35.00500107	0	0
460	138.80499268	-34.81060028	0	0
461	138.56500244	-35.07500076	0	0
462	149.56700134	-35.07500076	0	0
463	138.63299561	-35.11169815	0	0
464	138.68330383	-35.12500000	0	0
465	149.99200439	-35.16329956	0	0
466	144.80700684	-35.22000122	0	0
467	149.06700134	-35.22330093	0	0
468	150.33200073	-35.26499939	0	0
469	144.88800049	-35.26670074	0	0
470	144.91499329	-35.27830124	0	0
471	148.93699646	-35.30329895	0	0
472	149.07200623	-35.30329895	0	0
473	144.98300171	-35.31669998	0	0
474	148.24699402	-35.40499878	0	0
475	149.26800537	-35.41170120	0	0
476	149.07200623	-35.41669846	0	0
477	144.75999451	-35.43830109	0	0
478	148.82499695	-35.44499969	0	0
479	143.63299561	-35.45669937	0	0
480	138.59700012	-35.47169876	0	0
481	148.83500671	-35.53329849	0	0
482	148.30700684	-35.56330109	0	0
483	149.44500732	-35.59329987	0	0
484	148.29200745	-35.62829971	0	0
485	148.30299377	-35.62829971	0	0
486	150.16700745	-35.75500107	0	0
487	148.66200256	-35.79669952	0	0
488	148.44999695	-35.88330078	0	0
489	144.34500122	-35.90829849	0	0
490	148.36300659	-35.92829895	0	0
491	144.46499634	-35.94329834	0	0
492	144.29699707	-35.96170044	0	0
493	148.38800049	-35.96670151	0	0
494	143.87699890	-36.25000000	0	0
495	143.94999695	-36.43330002	0	0
496	144.83000183	-36.43330002	0	0
497	142.91999817	-36.51670074	0	0
498	144.22999573	-36.59999847	0	0
499	146.01699829	-36.59999847	0	0
500	144.22000122	-36.81669998	0	0
501	143.89199829	-36.83330154	0	0
502	148.32499695	-36.00170135	0	0
503	148.44700623	-36.00500107	0	0
504	148.33799744	-36.01169968	0	0
505	145.99499512	-36.01330185	0	0
506	148.27299500	-36.05329895	0	0
507	147.03300476	-36.11000061	0	0
508	116.05000305	-33.21659851	0	0
509	148.61199951	-36.14500046	0	0
510	148.11300659	-36.22169876	0	0
511	148.17799377	-36.24330139	0	0
512	142.41200256	-36.28499985	0	0
513	150.03500366	-36.28829956	0	0
514	148.31500244	-36.30500031	0	0
515	143.86300659	-36.32500076	0	0
516	148.46299744	-36.32669830	0	0
517	150.04699707	-36.33330154	0	0
518	148.37199402	-36.38000107	0	0
519	148.63000488	-36.43330002	0	0
520	144.65499878	-36.43669891	0	0
521	145.93800354	-36.47499847	0	0
522	149.72700500	-36.48830032	0	0
523	146.02200317	-36.49169922	0	0
524	143.95199585	-36.50329971	0	0
525	145.10000610	-36.53329849	0	0
526	147.46000671	-36.53670120	0	0
527	147.52000427	-36.56000137	0	0
528	148.45500183	-36.57170105	0	0
529	143.20500183	-36.59170151	0	0
530	144.26699829	-36.68170166	0	0
531	145.15800476	-36.71829987	0	0
532	146.65299988	-36.71829987	0	0
533	146.22000122	-36.72000122	0	0
534	142.38699341	-36.76330185	0	0
535	142.33799744	-36.77000046	0	0
536	142.28700256	-36.77330017	0	0
537	147.21800232	-36.78170013	0	0
538	146.20500183	-36.78670120	0	0
539	142.29699707	-36.78829956	0	0
540	144.27799988	-36.80329895	0	0
541	147.22300720	-36.80329895	0	0
542	144.22799683	-36.81999969	0	0
543	145.63800049	-36.81999969	0	0
544	143.25999451	-36.84500122	0	0
545	144.52799988	-36.84500122	0	0
546	146.00700378	-36.85329819	0	0
547	144.25000000	-36.84999847	0	0
548	145.69200134	-36.87329865	0	0
549	147.29499817	-36.87500000	0	0
550	142.33999634	-36.88830185	0	0
551	146.38999939	-36.91999817	0	0
552	144.27699280	-36.96829987	0	0
553	143.96200562	-36.98830032	0	0
554	141.94000244	-36.99499893	0	0
555	143.65299988	-37.09999847	0	0
556	143.10699463	-37.18330002	0	0
557	144.75300598	-37.33330154	0	0
558	143.36999512	-37.36669922	0	0
559	144.23300171	-37.38330078	0	0
560	144.55700684	-37.41669846	0	0
561	144.02499390	-37.51670074	0	0
562	145.11199951	-37.56669998	0	0
563	144.45799255	-37.68330002	0	0
564	144.90499878	-37.70000076	0	0
565	147.36700439	-37.70000076	0	0
566	144.31700134	-37.71670151	0	0
567	144.24299622	-37.84999847	0	0
568	145.41299438	-37.91669846	0	0
569	143.92199707	-37.00329971	0	0
570	144.78799438	-37.03499985	0	0
571	142.58500671	-37.04169846	0	0
572	144.27499390	-37.04669952	0	0
573	143.61300659	-37.04999924	0	0
574	143.72799683	-37.07329941	0	0
575	144.30299377	-37.08670044	0	0
576	143.86799622	-37.09000015	0	0
577	142.44200134	-37.09669876	0	0
578	143.39700317	-37.10499954	0	0
579	145.19799805	-37.12170029	0	0
580	143.63000488	-37.12670135	0	0
581	144.06300354	-37.13169861	0	0
582	142.61300659	-37.13499832	0	0
583	143.51800537	-37.15829849	0	0
584	142.54200745	-37.17670059	0	0
585	144.38000488	-37.18669891	0	0
586	145.07000732	-37.20330048	0	0
587	142.41499329	-37.22169876	0	0
588	145.92799377	-37.22499847	0	0
589	116.03330231	-33.81660080	0	0
590	141.96800232	-37.22999954	0	0
591	144.38299561	-37.25170135	0	0
592	143.64799500	-37.25669861	0	0
593	142.53199768	-37.26499939	0	0
594	143.64799500	-37.27999878	0	0
595	144.40299988	-37.27999878	0	0
596	143.19999695	-37.29169846	0	0
597	144.40199280	-37.35329819	0	0
598	143.99200439	-37.36830139	0	0
599	144.58999634	-37.37670135	0	0
600	144.18699646	-37.38830185	0	0
601	143.38200378	-37.39329910	0	0
602	145.24299622	-37.40330124	0	0
603	144.00199890	-37.40499878	0	0
604	144.35000610	-37.40999985	0	0
605	144.57499695	-37.45669937	0	0
606	145.15299988	-37.47169876	0	0
607	144.14500427	-37.50999832	0	0
608	143.92199707	-37.52000046	0	0
609	144.09800720	-37.52000046	0	0
610	144.23199463	-37.52000046	0	0
611	145.22700500	-37.53170013	0	0
612	144.14700317	-37.53670120	0	0
613	144.02699280	-37.54330063	0	0
614	143.92999268	-37.55170059	0	0
615	143.93200684	-37.55329895	0	0
616	143.94799805	-37.55329895	0	0
617	144.18299866	-37.55670166	0	0
618	144.52299500	-37.59170151	0	0
619	144.18200684	-37.60829926	0	0
620	144.28199768	-37.61000061	0	0
621	144.49299622	-37.62670135	0	0
622	144.90699768	-37.63669968	0	0
623	144.93299866	-37.64329910	0	0
624	145.55299377	-37.64329910	0	0
625	143.58299255	-37.64500046	0	0
626	142.03999329	-37.67499924	0	0
627	145.89799500	-37.67670059	0	0
628	144.07800293	-37.67829895	0	0
629	145.80499268	-37.67829895	0	0
630	145.30799866	-37.68000031	0	0
631	145.57699585	-37.68669891	0	0
632	146.33299255	-37.71670151	0	0
633	144.55999756	-37.76169968	0	0
634	145.66299438	-37.79000092	0	0
635	144.20700073	-37.81499863	0	0
636	145.42199707	-37.82830048	0	0
637	146.39700317	-37.84329987	0	0
638	144.37800598	-37.85829926	0	0
639	145.16999817	-37.88830185	0	0
640	145.17199707	-37.88830185	0	0
641	146.80200195	-37.90499878	0	0
642	146.96200562	-37.90999985	0	0
643	145.74499512	-37.93500137	0	0
644	145.38699341	-37.96170044	0	0
645	145.29299927	-37.97169876	0	0
646	146.65800476	-38.00000000	0	0
647	146.19999695	-38.06669998	0	0
648	146.36700439	-38.18330002	0	0
649	146.43200684	-38.18330002	0	0
650	146.41700745	-38.25000000	0	0
651	146.39799500	-38.28329849	0	0
652	143.71800232	-38.53329849	0	0
653	146.11199951	-38.71670151	0	0
654	145.93699646	-38.02330017	0	0
655	145.40800476	-38.02999878	0	0
656	146.38699341	-38.09170151	0	0
657	145.13200378	-38.17330170	0	0
658	146.35000610	-38.18170166	0	0
659	146.33000183	-38.20330048	0	0
660	146.53300476	-38.25500107	0	0
661	146.53300476	-38.25830078	0	0
662	146.40699768	-38.26169968	0	0
663	146.54299927	-38.26330185	0	0
664	146.52499390	-38.27170181	0	0
665	145.10699463	-38.27830124	0	0
666	144.05200195	-38.28829956	0	0
667	146.36500549	-38.30500031	0	0
668	142.67999268	-38.31169891	0	0
669	145.80200195	-38.41329956	0	0
670	145.91000366	-38.41329956	0	0
671	145.91700745	-38.41500092	0	0
672	145.81199646	-38.41830063	0	0
673	145.57800293	-38.45669937	0	0
674	145.67199707	-38.51169968	0	0
675	145.67199707	-38.51169968	0	0
676	143.66999817	-38.58829880	0	0
677	143.69999695	-38.59830093	0	0
678	144.06700134	-40.04999924	0	0
679	145.17700195	-40.88830185	0	0
680	145.57000732	-40.92829895	0	0
681	147.93499756	-40.93830109	0	0
682	147.96800232	-40.95330048	0	0
683	147.92999268	-40.95500183	0	0
684	147.25300598	-41.01330185	0	0
685	148.02999878	-41.02170181	0	0
686	148.04800415	-41.06000137	0	0
687	147.91499329	-41.07170105	0	0
688	145.90699768	-41.08000183	0	0
689	146.95199585	-41.09999847	0	0
690	145.70199585	-41.13330078	0	0
691	146.89500427	-41.13330078	0	0
692	146.90199280	-41.13499832	0	0
693	147.90800476	-41.13999939	0	0
694	147.79499817	-41.14170074	0	0
695	145.84199524	-41.15670013	0	0
696	147.81700134	-41.16999817	0	0
697	146.79499817	-41.19329834	0	0
698	146.79800415	-41.19329834	0	0
699	146.80200195	-41.19829941	0	0
700	146.32699585	-41.20000076	0	0
701	146.78799438	-41.20000076	0	0
702	147.88699341	-41.20330048	0	0
703	147.85200500	-41.22499847	0	0
704	146.30499268	-41.22999954	0	0
705	145.76300049	-41.23170090	0	0
706	146.29800415	-41.25000000	0	0
707	145.84300232	-41.26330185	0	0
708	146.24800110	-41.28329849	0	0
709	145.71800232	-41.33829880	0	0
710	146.26300049	-41.34999847	0	0
711	146.27200317	-41.37500000	0	0
712	145.73199463	-41.42499924	0	0
713	145.55499268	-41.44829941	0	0
714	147.08500671	-41.44829941	0	0
715	145.44700623	-41.45669937	0	0
716	145.53999329	-41.45669937	0	0
717	146.08000183	-41.47000122	0	0
718	145.44299316	-41.47999954	0	0
719	146.13200378	-41.47999954	0	0
720	145.23199463	-41.48329926	0	0
721	147.30499268	-41.50329971	0	0
722	145.20500183	-41.50500107	0	0
723	146.22000122	-41.63499832	0	0
724	146.38200378	-41.68170166	0	0
725	145.65699768	-41.68330002	0	0
726	145.65199280	-41.70000076	0	0
727	147.09300232	-41.70169830	0	0
728	147.07699585	-41.71500015	0	0
729	145.14199829	-41.72499847	0	0
730	147.07499695	-41.72499847	0	0
731	146.21499634	-41.73170090	0	0
732	145.53999329	-41.73830032	0	0
733	145.42500305	-41.77999878	0	0
734	145.65699768	-41.77999878	0	0
735	145.43299866	-41.78170013	0	0
736	145.44200134	-41.78499985	0	0
737	145.54299927	-41.78829956	0	0
738	147.45500183	-41.79499817	0	0
739	145.42199707	-41.80329895	0	0
740	145.33299255	-41.86999893	0	0
741	145.54699707	-41.88169861	0	0
742	145.52999878	-41.89500046	0	0
743	146.72999573	-41.98170090	0	0
744	117.24120331	-30.34090042	0	0
745	146.86000061	-41.99000168	0	0
746	145.57000732	-41.99169922	0	0
747	146.73699951	-42.00830078	0	0
748	147.79699707	-42.00999832	0	0
749	146.58799744	-42.01169968	0	0
750	147.02699280	-42.07830048	0	0
751	146.48699951	-42.10169983	0	0
752	146.75999451	-42.10499954	0	0
753	146.20199585	-42.10670090	0	0
754	146.20500183	-42.12329865	0	0
755	146.53199768	-42.13669968	0	0
756	147.43699646	-42.14670181	0	0
757	146.32800293	-42.17670059	0	0
758	146.53199768	-42.18330002	0	0
759	146.47500610	-42.18999863	0	0
760	146.40199280	-42.21170044	0	0
761	147.78199768	-42.21170044	0	0
762	146.63800049	-42.21829987	0	0
763	146.39199829	-42.22999954	0	0
764	146.49499512	-42.23669815	0	0
765	146.56500244	-42.24829865	0	0
766	146.47700500	-42.25669861	0	0
767	146.25999451	-42.26829910	0	0
768	146.46200562	-42.27500153	0	0
769	146.46200562	-42.27669907	0	0
770	146.38699341	-42.29999924	0	0
771	146.40699768	-42.30670166	0	0
772	146.47000122	-42.31999969	0	0
773	146.49800110	-42.40330124	0	0
774	147.94299316	-42.45000076	0	0
775	146.59199524	-42.45169830	0	0
776	147.93200684	-42.49000168	0	0
777	147.89300537	-42.49499893	0	0
778	146.64500427	-42.50830078	0	0
779	146.67999268	-42.50830078	0	0
780	147.40299988	-42.55830002	0	0
781	147.84500122	-42.56169891	0	0
782	147.80200195	-42.58499908	0	0
783	146.84300232	-42.61169815	0	0
784	146.62500000	-42.69499969	0	0
785	147.59199524	-42.72000122	0	0
786	145.97300720	-42.73170090	0	0
787	145.98199463	-42.77830124	0	0
788	147.33500671	-42.80670166	0	0
789	147.05000305	-42.83670044	0	0
790	147.37300110	-42.84000015	0	0
791	146.57000732	-42.84669876	0	0
792	147.25300598	-42.85169983	0	0
793	147.25000000	-42.85499954	0	0
794	147.23300171	-42.86000061	0	0
795	147.29200745	-42.90499878	0	0
796	147.28799438	-42.90829849	0	0
797	147.28999329	-42.91669846	0	0
798	146.92500305	-43.02170181	0	0
799	146.29800415	-43.02330017	0	0
800	121.41660309	-29.38330078	0	0
801	146.34700012	-43.03170013	0	0
802	148.56660461	-28.04500008	0	0
803	150.93330383	-32.32500076	0	0
804	149.52000427	-37.04999924	0	0
805	153.03329468	-30.25830078	0	0
806	146.93330383	-42.11660004	0	0
807	151.50000000	-33.12500000	0	0
808	143.64830017	-37.27999878	0	0
809	138.39999390	-30.51659966	0	0
810	146.24000549	-36.52000046	0	0
811	151.24159241	-33.40000153	0	0
812	142.54159546	-37.17660141	0	0
813	147.69999695	-37.71659851	0	0
814	150.74159241	-34.23329926	0	0
815	153.17999268	-27.53000069	0	0
816	151.55000305	-33.05830002	0	0
817	152.53329468	-25.40329933	0	0
818	147.53329468	-22.70499992	0	0
819	147.52830505	-22.67830086	0	0
820	147.53329468	-22.67659950	0	0
821	148.31660461	-22.43330002	0	0
822	146.86659241	-36.75830078	0	0
823	153.00500488	-26.77829933	0	0
824	152.28829956	-24.88829994	0	0
825	152.92829895	-26.38330078	0	0
826	152.92160034	-26.57159996	0	0
827	151.73330688	-26.43659973	0	0
828	147.55659485	-22.97660065	0	0
829	116.15000153	-33.09019852	0	0
830	153.28329468	-28.04999924	0	0
831	150.47659302	-24.34830093	0	0
832	152.86659241	-26.70499992	0	0
833	152.35000610	-27.51659966	0	0
834	131.16679382	-12.96650028	0	0
835	133.00000000	-13.50000000	0	0
836	145.37199402	-17.01670074	0	0
837	128.41659546	-16.71660042	0	0
838	143.57020569	-38.00000000	0	0
839	132.81649780	-13.25380039	0	0
840	150.21710205	-26.73590088	0	0
841	141.76240540	-33.58580017	0	0
842	141.76240540	-34.45339966	0	0
843	141.71670532	-34.81880188	0	0
844	141.67100525	-38.24369812	0	0
845	131.34519958	-20.57439995	0	0